time	V(in)	V(out1)	V(out2)
0.000000000000000e+00	0.000000e+00	4.723327e+00	4.973475e+00
1.474455773619576e-04	0.000000e+00	4.723327e+00	4.973475e+00
1.917703110622510e-04	6.353969e-03	4.723327e+00	4.973475e+00
2.155697308907250e-04	1.667670e-02	4.723327e+00	4.973475e+00
2.253998233181434e-04	1.953125e-02	4.723327e+00	4.973475e+00
3.662656137605464e-04	1.953125e-02	4.723327e+00	4.973475e+00
5.062995267534532e-04	2.309088e-02	4.723327e+00	4.973475e+00
7.504401517534532e-04	3.906250e-02	4.723327e+00	4.973475e+00
9.945807767534533e-04	5.371094e-02	4.723327e+00	4.973475e+00
1.727002651753453e-03	8.300781e-02	4.723327e+00	4.973475e+00
2.215283901753453e-03	1.123047e-01	4.723327e+00	4.973475e+00
2.459424526753453e-03	1.220703e-01	4.723327e+00	4.973475e+00
2.947705776753453e-03	1.513672e-01	4.723327e+00	4.973475e+00
3.680127651753453e-03	1.806641e-01	4.723327e+00	4.973475e+00
4.168408901753453e-03	2.099609e-01	4.723327e+00	4.973475e+00
4.412549526753453e-03	2.197266e-01	4.723327e+00	4.973475e+00
4.900830776753453e-03	2.490234e-01	4.723327e+00	4.973475e+00
5.633252651753453e-03	2.783203e-01	4.723327e+00	4.973475e+00
6.121533901753453e-03	3.076172e-01	4.723327e+00	4.973475e+00
6.365674526753453e-03	3.173828e-01	4.723327e+00	4.973475e+00
6.853955776753453e-03	3.466797e-01	4.723327e+00	4.973475e+00
7.586377651753453e-03	3.759766e-01	4.723327e+00	4.973475e+00
8.074658901753453e-03	4.052734e-01	4.723327e+00	4.973475e+00
8.318799526753453e-03	4.150391e-01	4.723327e+00	4.973475e+00
8.807080776753453e-03	4.443359e-01	4.723327e+00	4.973475e+00
9.539502651753453e-03	4.736328e-01	4.723327e+00	4.973475e+00
1.002778390175345e-02	5.029297e-01	4.723327e+00	4.973475e+00
1.027192452675345e-02	5.126953e-01	4.723327e+00	4.973475e+00
1.076020577675345e-02	5.419922e-01	4.723327e+00	4.973475e+00
1.149262765175345e-02	5.712891e-01	4.723327e+00	4.973475e+00
1.198090890175345e-02	6.005859e-01	4.723327e+00	4.973475e+00
1.222504952675345e-02	6.103516e-01	4.723327e+00	4.973475e+00
1.271333077675345e-02	6.396484e-01	4.723327e+00	4.973475e+00
1.344575265175345e-02	6.689453e-01	4.723327e+00	4.973475e+00
1.393403390175345e-02	6.982422e-01	4.723327e+00	4.973475e+00
1.417817452675345e-02	7.080078e-01	4.723327e+00	4.973475e+00
1.466645577675345e-02	7.373047e-01	4.723327e+00	4.973475e+00
1.539887765175345e-02	7.666016e-01	4.723327e+00	4.973475e+00
1.588715890175346e-02	7.958984e-01	4.723327e+00	4.973475e+00
1.613129952675346e-02	8.056641e-01	4.723327e+00	4.973475e+00
1.661958077675346e-02	8.349609e-01	4.723327e+00	4.973475e+00
1.735200265175346e-02	8.642578e-01	4.723327e+00	4.973475e+00
1.784028390175346e-02	8.935547e-01	4.723327e+00	4.973475e+00
1.808442452675346e-02	9.033203e-01	4.723327e+00	4.973475e+00
1.857270577675346e-02	9.326172e-01	4.723327e+00	4.973475e+00
1.930512765175346e-02	9.619141e-01	4.723327e+00	4.973475e+00
1.979340890175346e-02	9.912109e-01	4.723327e+00	4.973475e+00
2.028169015175346e-02	1.015625e+00	4.723327e+00	4.973475e+00
2.076997140175346e-02	1.040039e+00	4.723327e+00	4.973475e+00
2.125825265175346e-02	1.059570e+00	4.723327e+00	4.973475e+00
2.174653390175346e-02	1.088867e+00	4.723327e+00	4.973475e+00
2.223481515175346e-02	1.113281e+00	4.723327e+00	4.973475e+00
2.272309640175346e-02	1.137695e+00	4.723327e+00	4.973475e+00
2.321137765175346e-02	1.157227e+00	4.723327e+00	4.973475e+00
2.369965890175346e-02	1.186523e+00	4.723327e+00	4.973475e+00
2.418794015175346e-02	1.210938e+00	4.723327e+00	4.973475e+00
2.467622140175346e-02	1.235352e+00	4.723327e+00	4.973475e+00
2.516450265175346e-02	1.254883e+00	4.723327e+00	4.973475e+00
2.565278390175346e-02	1.284180e+00	4.723327e+00	4.973475e+00
2.614106515175346e-02	1.308594e+00	4.723327e+00	4.973475e+00
2.687348702675346e-02	1.342773e+00	4.723327e+00	4.973475e+00
2.715250488389631e-02	1.357670e+00	4.723327e+00	4.973475e+00
2.743152274103917e-02	1.372252e+00	4.723327e+00	4.973475e+00
2.771054059818203e-02	1.386518e+00	4.723327e+00	4.973475e+00
2.798955845532488e-02	1.400469e+00	4.723327e+00	4.973475e+00
2.826857631246774e-02	1.414105e+00	4.723327e+00	4.973475e+00
2.854759416961060e-02	1.427425e+00	4.723327e+00	4.973475e+00
2.882661202675346e-02	1.440430e+00	4.723327e+00	4.973475e+00
2.917538434818203e-02	1.458738e+00	4.723327e+00	4.973475e+00
2.952415666961060e-02	1.476757e+00	4.723327e+00	4.973475e+00
2.987292899103917e-02	1.494486e+00	4.723327e+00	4.973475e+00
3.022170131246774e-02	1.511924e+00	4.723327e+00	4.973475e+00
3.057047363389631e-02	1.529073e+00	4.723327e+00	4.973475e+00
3.091924595532488e-02	1.545931e+00	4.723327e+00	4.973475e+00
3.126801827675346e-02	1.562500e+00	4.723327e+00	4.973475e+00
3.154703613389631e-02	1.577537e+00	4.723327e+00	4.973475e+00
3.182605399103917e-02	1.592212e+00	4.723327e+00	4.973475e+00
3.210507184818202e-02	1.606525e+00	4.723327e+00	4.973475e+00
3.238408970532489e-02	1.620476e+00	4.723327e+00	4.973475e+00
3.266310756246774e-02	1.634065e+00	4.723327e+00	4.973475e+00
3.294212541961060e-02	1.647292e+00	4.723327e+00	4.973475e+00
3.322114327675346e-02	1.660156e+00	4.723327e+00	4.973475e+00
3.350016113389631e-02	1.675193e+00	4.723327e+00	4.973475e+00
3.377917899103917e-02	1.689869e+00	4.723327e+00	4.973475e+00
3.405819684818202e-02	1.704182e+00	4.723327e+00	4.973475e+00
3.433721470532489e-02	1.718132e+00	4.723327e+00	4.973475e+00
3.461623256246774e-02	1.731721e+00	4.723327e+00	4.973475e+00
3.489525041961060e-02	1.744948e+00	4.723327e+00	4.973475e+00
3.517426827675346e-02	1.757812e+00	4.723327e+00	4.973475e+00
3.555791783032489e-02	1.777344e+00	4.723327e+00	4.973475e+00
3.594156738389631e-02	1.796875e+00	4.723327e+00	4.973475e+00
3.632521693746774e-02	1.816406e+00	4.723327e+00	4.973475e+00
3.670886649103917e-02	1.835938e+00	4.723327e+00	4.973475e+00
3.709251604461060e-02	1.855469e+00	4.723327e+00	4.973475e+00
3.747616559818203e-02	1.875000e+00	4.723327e+00	4.973475e+00
3.785981515175346e-02	1.894531e+00	4.723327e+00	4.973475e+00
3.852248256246774e-02	1.927311e+00	4.723327e+00	4.973475e+00
3.918514997318202e-02	1.960092e+00	4.723327e+00	4.973475e+00
3.984781738389631e-02	1.992875e+00	4.723327e+00	4.973475e+00
4.051048479461060e-02	2.025659e+00	4.723327e+00	4.973475e+00
4.117315220532489e-02	2.058445e+00	4.723327e+00	4.973475e+00
4.183581961603917e-02	2.091234e+00	4.723327e+00	4.973475e+00
4.249848702675346e-02	2.124023e+00	4.723327e+00	4.973475e+00
4.316115443746774e-02	2.157521e+00	4.723327e+00	4.973475e+00
4.382382184818202e-02	2.191014e+00	4.723327e+00	4.973475e+00
4.448648925889631e-02	2.224501e+00	4.723327e+00	4.973475e+00
4.514915666961060e-02	2.257983e+00	4.723327e+00	4.973475e+00
4.581182408032489e-02	2.291460e+00	4.723327e+00	4.973475e+00
4.647449149103917e-02	2.324932e+00	4.723327e+00	4.973475e+00
4.713715890175346e-02	2.358398e+00	4.723327e+00	4.973475e+00
4.738129952675346e-02	2.363281e+00	4.723327e+00	4.973475e+00
4.746092015630248e-02	2.363281e+00	4.723327e+00	4.973475e+00
4.746093505746368e-02	2.371094e+00	4.723327e+00	4.973475e+00
4.746093878275397e-02	2.380859e+00	4.723327e+00	4.973475e+00
4.746093971407655e-02	2.382812e+00	4.723327e+00	4.973475e+00
4.746094041256848e-02	2.382812e+00	4.723327e+00	4.973475e+00
4.746094134389105e-02	2.382812e+00	4.723327e+00	4.973475e+00
4.746094183911403e-02	2.382812e+00	4.723327e+00	4.973475e+00
4.746094271131323e-02	2.382812e+00	4.626347e+00	4.973475e+00
4.746094370175918e-02	2.382812e+00	4.205060e+00	4.973475e+00
4.746094470175918e-02	2.382812e+00	3.472689e+00	4.973475e+00
4.746094570175918e-02	2.382812e+00	2.636266e+00	4.973475e+00
4.746094670175918e-02	2.382812e+00	1.799844e+00	4.973475e+00
4.746094770175917e-02	2.382812e+00	9.808636e-01	4.973475e+00
4.746094870175917e-02	2.382812e+00	4.011713e-01	4.973475e+00
4.746095070175917e-02	2.382812e+00	2.434238e-02	4.973475e+00
4.746095470175917e-02	2.382812e+00	-7.260505e-03	4.973475e+00
4.746096270175917e-02	2.382812e+00	2.825182e-03	4.973475e+00
4.746097870175917e-02	2.382812e+00	-1.247580e-03	4.973475e+00
4.746101070175917e-02	2.382812e+00	5.863458e-04	4.973475e+00
4.746107470175917e-02	2.382812e+00	-2.842458e-04	4.973475e+00
4.746120270175917e-02	2.382812e+00	1.399430e-04	4.973475e+00
4.746145870175917e-02	2.382812e+00	-6.943693e-05	4.973475e+00
4.746197070175917e-02	2.382812e+00	3.458187e-05	4.973475e+00
4.746299470175917e-02	2.382812e+00	-1.725803e-05	4.973475e+00
4.746504270175917e-02	2.382812e+00	8.622184e-06	4.973475e+00
4.746913870175917e-02	2.382812e+00	-4.307678e-06	4.973475e+00
4.774955818390203e-02	2.391558e+00	-2.223159e-06	4.973475e+00
4.802997766604489e-02	2.401806e+00	-6.283960e-07	4.973475e+00
4.831039714818774e-02	2.413556e+00	4.766099e-07	4.973475e+00
4.859081663033060e-02	2.426810e+00	1.091859e-06	4.973475e+00
4.887123611247346e-02	2.441566e+00	1.217352e-06	4.973475e+00
4.915165559461632e-02	2.457824e+00	8.530888e-07	4.973475e+00
4.943207507675917e-02	2.475586e+00	-9.313226e-10	4.973475e+00
4.967621570175917e-02	2.480469e+00	-2.776361e-02	4.973475e+00
4.970673327988417e-02	2.480469e+00	-2.082272e-02	4.973475e+00
4.976776843613417e-02	2.483724e+00	-2.671641e-12	4.973475e+00
4.993122392988236e-02	2.500000e+00	0.000000e+00	4.973475e+00
4.993307726180585e-02	2.500000e+00	0.000000e+00	4.973475e+00
4.993493245637448e-02	2.500000e+00	0.000000e+00	4.973475e+00
4.993678811660440e-02	2.500000e+00	0.000000e+00	4.973475e+00
4.993864144852789e-02	2.500000e+00	0.000000e+00	4.973475e+00
4.994049664309652e-02	2.500000e+00	0.000000e+00	4.973475e+00
4.994234904369743e-02	2.500000e+00	0.000000e+00	4.973475e+00
4.994420563524993e-02	2.500000e+00	0.000000e+00	4.973475e+00
4.994606082981856e-02	2.500000e+00	0.000000e+00	4.973475e+00
4.994791323041947e-02	2.500000e+00	0.000000e+00	4.973475e+00
4.994976656234296e-02	2.500000e+00	0.000000e+00	4.973475e+00
4.995162175691159e-02	2.500000e+00	0.000000e+00	4.973475e+00
4.995347741714151e-02	2.500000e+00	0.000000e+00	4.973475e+00
4.995533074906500e-02	2.500000e+00	0.000000e+00	4.973475e+00
4.995718594363363e-02	2.500000e+00	0.000000e+00	4.973475e+00
4.995903834423454e-02	2.500000e+00	0.000000e+00	4.973475e+00
4.996089493578704e-02	2.500000e+00	0.000000e+00	4.973475e+00
4.996275013035567e-02	2.500000e+00	0.000000e+00	4.973475e+00
4.996460253095658e-02	2.500000e+00	0.000000e+00	4.973475e+00
4.996645586288007e-02	2.500000e+00	0.000000e+00	4.973475e+00
4.996831105744870e-02	2.500000e+00	0.000000e+00	4.973475e+00
4.997016671767862e-02	2.500000e+00	0.000000e+00	4.973475e+00
4.997202004960211e-02	2.500000e+00	0.000000e+00	4.973475e+00
4.997387524417074e-02	2.500000e+00	0.000000e+00	4.973475e+00
4.997572764477165e-02	2.500000e+00	0.000000e+00	4.973475e+00
4.997758423632415e-02	2.500000e+00	0.000000e+00	4.973475e+00
4.997943943089278e-02	2.500000e+00	0.000000e+00	4.973475e+00
4.998129183149369e-02	2.500000e+00	0.000000e+00	4.973475e+00
4.998314516341718e-02	2.500000e+00	0.000000e+00	4.973475e+00
4.998500035798581e-02	2.500000e+00	0.000000e+00	4.973475e+00
4.998685601821573e-02	2.500000e+00	0.000000e+00	4.973475e+00
4.998870935013922e-02	2.500000e+00	0.000000e+00	4.973475e+00
4.999056454470785e-02	2.500000e+00	0.000000e+00	4.973475e+00
4.999241694530876e-02	2.500000e+00	0.000000e+00	4.973475e+00
4.999427353686126e-02	2.500000e+00	0.000000e+00	4.973475e+00
4.999612873142989e-02	2.500000e+00	0.000000e+00	4.973475e+00
4.999798113203080e-02	2.500000e+00	0.000000e+00	4.973475e+00
4.999983446395428e-02	2.500000e+00	0.000000e+00	4.973475e+00
5.000168965852292e-02	2.500000e+00	0.000000e+00	4.973475e+00
5.000354531875284e-02	2.500000e+00	0.000000e+00	4.973475e+00
5.000539865067632e-02	2.500000e+00	0.000000e+00	4.973475e+00
5.000725384524496e-02	2.500000e+00	0.000000e+00	4.973475e+00
5.000910624584587e-02	2.500000e+00	0.000000e+00	4.973475e+00
5.001096283739837e-02	2.500000e+00	0.000000e+00	4.973475e+00
5.001281803196700e-02	2.500000e+00	0.000000e+00	4.973475e+00
5.001467043256791e-02	2.500000e+00	0.000000e+00	4.973475e+00
5.001652376449139e-02	2.500000e+00	0.000000e+00	4.973475e+00
5.001837895906003e-02	2.500000e+00	0.000000e+00	4.973475e+00
5.002023461928995e-02	2.500000e+00	0.000000e+00	4.973475e+00
5.002208795121343e-02	2.500000e+00	0.000000e+00	4.973475e+00
5.002394314578207e-02	2.500000e+00	0.000000e+00	4.973475e+00
5.002579554638298e-02	2.500000e+00	0.000000e+00	4.973475e+00
5.002765213793547e-02	2.500000e+00	0.000000e+00	4.973475e+00
5.002950733250411e-02	2.500000e+00	0.000000e+00	4.973475e+00
5.003135973310502e-02	2.500000e+00	0.000000e+00	4.973475e+00
5.003321306502850e-02	2.500000e+00	0.000000e+00	4.973475e+00
5.003506825959714e-02	2.500000e+00	0.000000e+00	4.973475e+00
5.003692391982706e-02	2.500000e+00	0.000000e+00	4.973475e+00
5.003877725175054e-02	2.500000e+00	0.000000e+00	4.973475e+00
5.004063244631918e-02	2.500000e+00	0.000000e+00	4.973475e+00
5.004248484692009e-02	2.500000e+00	0.000000e+00	4.973475e+00
5.004434143847258e-02	2.500000e+00	0.000000e+00	4.973475e+00
5.004619663304122e-02	2.500000e+00	0.000000e+00	4.973475e+00
5.004804903364213e-02	2.500000e+00	0.000000e+00	4.973475e+00
5.004990236556561e-02	2.500000e+00	0.000000e+00	4.973475e+00
5.005175756013425e-02	2.500000e+00	0.000000e+00	4.973475e+00
5.005361322036417e-02	2.500000e+00	0.000000e+00	4.973475e+00
5.005546655228765e-02	2.500000e+00	0.000000e+00	4.973475e+00
5.005732174685629e-02	2.500000e+00	0.000000e+00	4.973475e+00
5.005917414745720e-02	2.500000e+00	0.000000e+00	4.973475e+00
5.006103073900969e-02	2.500000e+00	0.000000e+00	4.973475e+00
5.006288593357833e-02	2.500000e+00	0.000000e+00	4.973475e+00
5.006473833417924e-02	2.500000e+00	0.000000e+00	4.973475e+00
5.006659166610272e-02	2.500000e+00	0.000000e+00	4.973475e+00
5.006844686067136e-02	2.500000e+00	0.000000e+00	4.973475e+00
5.007030252090128e-02	2.500000e+00	0.000000e+00	4.973475e+00
5.007215585282476e-02	2.500000e+00	0.000000e+00	4.973475e+00
5.007401104739340e-02	2.500000e+00	0.000000e+00	4.973475e+00
5.007586344799431e-02	2.500000e+00	0.000000e+00	4.973475e+00
5.007772003954680e-02	2.500000e+00	0.000000e+00	4.973475e+00
5.007957523411544e-02	2.500000e+00	0.000000e+00	4.973475e+00
5.008142763471635e-02	2.500000e+00	0.000000e+00	4.973475e+00
5.008328096663983e-02	2.500000e+00	0.000000e+00	4.973475e+00
5.008513616120847e-02	2.500000e+00	0.000000e+00	4.973475e+00
5.008699182143839e-02	2.500000e+00	0.000000e+00	4.973475e+00
5.008884515336187e-02	2.500000e+00	0.000000e+00	4.973475e+00
5.009070034793051e-02	2.500000e+00	0.000000e+00	4.973475e+00
5.009255274853142e-02	2.500000e+00	0.000000e+00	4.973475e+00
5.009440934008391e-02	2.500000e+00	0.000000e+00	4.973475e+00
5.009626453465255e-02	2.500000e+00	0.000000e+00	4.973475e+00
5.009811693525346e-02	2.500000e+00	0.000000e+00	4.973475e+00
5.009997026717694e-02	2.500000e+00	0.000000e+00	4.973475e+00
5.010182546174557e-02	2.500000e+00	0.000000e+00	4.973475e+00
5.010368112197550e-02	2.500000e+00	0.000000e+00	4.973475e+00
5.010553445389898e-02	2.500000e+00	0.000000e+00	4.973475e+00
5.010738964846762e-02	2.500000e+00	0.000000e+00	4.973475e+00
5.010924204906853e-02	2.500000e+00	0.000000e+00	4.973475e+00
5.011109864062102e-02	2.500000e+00	0.000000e+00	4.973475e+00
5.011295383518966e-02	2.500000e+00	0.000000e+00	4.973475e+00
5.011480623579057e-02	2.500000e+00	0.000000e+00	4.973475e+00
5.011665956771405e-02	2.500000e+00	0.000000e+00	4.973475e+00
5.011851476228268e-02	2.500000e+00	0.000000e+00	4.973475e+00
5.012037042251261e-02	2.500000e+00	0.000000e+00	4.973475e+00
5.012222375443609e-02	2.500000e+00	0.000000e+00	4.973475e+00
5.012407894900472e-02	2.500000e+00	0.000000e+00	4.973475e+00
5.012593134960563e-02	2.500000e+00	0.000000e+00	4.973475e+00
5.012778794115813e-02	2.500000e+00	0.000000e+00	4.973475e+00
5.012964313572676e-02	2.500000e+00	0.000000e+00	4.973475e+00
5.013149553632767e-02	2.500000e+00	0.000000e+00	4.973475e+00
5.013334886825116e-02	2.500000e+00	0.000000e+00	4.973475e+00
5.013520406281979e-02	2.500000e+00	0.000000e+00	4.973475e+00
5.013705972304972e-02	2.500000e+00	0.000000e+00	4.973475e+00
5.013891305497320e-02	2.500000e+00	0.000000e+00	4.973475e+00
5.014076824954183e-02	2.500000e+00	0.000000e+00	4.973475e+00
5.014262065014274e-02	2.500000e+00	0.000000e+00	4.973475e+00
5.014447724169524e-02	2.500000e+00	0.000000e+00	4.973475e+00
5.014633243626387e-02	2.500000e+00	0.000000e+00	4.973475e+00
5.014818483686478e-02	2.500000e+00	0.000000e+00	4.973475e+00
5.015003816878827e-02	2.500000e+00	0.000000e+00	4.973475e+00
5.015189336335690e-02	2.500000e+00	0.000000e+00	4.973475e+00
5.015374902358682e-02	2.500000e+00	0.000000e+00	4.973475e+00
5.015560235551031e-02	2.500000e+00	0.000000e+00	4.973475e+00
5.015745755007894e-02	2.500000e+00	0.000000e+00	4.973475e+00
5.015930995067985e-02	2.500000e+00	0.000000e+00	4.973475e+00
5.016116654223235e-02	2.500000e+00	0.000000e+00	4.973475e+00
5.016302173680098e-02	2.500000e+00	0.000000e+00	4.973475e+00
5.016487413740189e-02	2.500000e+00	0.000000e+00	4.973475e+00
5.016672746932538e-02	2.500000e+00	0.000000e+00	4.973475e+00
5.016858266389401e-02	2.500000e+00	0.000000e+00	4.973475e+00
5.017043832412393e-02	2.500000e+00	0.000000e+00	4.973475e+00
5.017229165604742e-02	2.500000e+00	0.000000e+00	4.973475e+00
5.017414685061605e-02	2.500000e+00	0.000000e+00	4.973475e+00
5.017599925121696e-02	2.500000e+00	0.000000e+00	4.973475e+00
5.017785584276946e-02	2.500000e+00	0.000000e+00	4.973475e+00
5.017971103733809e-02	2.500000e+00	0.000000e+00	4.973475e+00
5.018156343793900e-02	2.500000e+00	0.000000e+00	4.973475e+00
5.018341676986249e-02	2.500000e+00	0.000000e+00	4.973475e+00
5.018527196443112e-02	2.500000e+00	0.000000e+00	4.973475e+00
5.018712762466104e-02	2.500000e+00	0.000000e+00	4.973475e+00
5.018898095658453e-02	2.500000e+00	0.000000e+00	4.973475e+00
5.019083615115316e-02	2.500000e+00	0.000000e+00	4.973475e+00
5.019268855175407e-02	2.500000e+00	0.000000e+00	4.973475e+00
5.019454514330657e-02	2.500000e+00	0.000000e+00	4.973475e+00
5.019531115612419e-02	2.500000e+00	0.000000e+00	4.973475e+00
5.019531162178548e-02	2.503255e+00	0.000000e+00	4.973475e+00
5.019531255310805e-02	2.516929e+00	0.000000e+00	4.973475e+00
5.019531289146828e-02	2.519531e+00	0.000000e+00	4.973475e+00
5.019531371642932e-02	2.519531e+00	0.000000e+00	4.973475e+00
5.019531416115108e-02	2.519531e+00	0.000000e+00	4.973475e+00
5.019531445763226e-02	2.519531e+00	0.000000e+00	4.938915e+00
5.019531475411343e-02	2.519531e+00	0.000000e+00	4.789157e+00
5.019531534707578e-02	2.519531e+00	0.000000e+00	4.282283e+00
5.019531634707577e-02	2.519531e+00	0.000000e+00	3.349757e+00
5.019531734707577e-02	2.519531e+00	0.000000e+00	2.417230e+00
5.019531834707577e-02	2.519531e+00	0.000000e+00	1.484704e+00
5.019531934707577e-02	2.519531e+00	0.000000e+00	7.576444e-01
5.019532134707577e-02	2.519531e+00	0.000000e+00	1.542278e-01
5.019532534707577e-02	2.519531e+00	0.000000e+00	-5.004594e-03
5.019533334707577e-02	2.519531e+00	0.000000e+00	1.975249e-03
5.019534934707577e-02	2.519531e+00	0.000000e+00	-8.783371e-04
5.019538134707577e-02	2.519531e+00	0.000000e+00	4.142305e-04
5.019544534707577e-02	2.519531e+00	0.000000e+00	-2.011557e-04
5.019557334707577e-02	2.519531e+00	0.000000e+00	9.912128e-05
5.019582934707577e-02	2.519531e+00	0.000000e+00	-4.920115e-05
5.019634134707577e-02	2.519531e+00	0.000000e+00	2.450993e-05
5.019736534707577e-02	2.519531e+00	0.000000e+00	-1.223323e-05
5.019941334707577e-02	2.519531e+00	0.000000e+00	6.111339e-06
5.051529520421863e-02	2.530594e+00	0.000000e+00	3.182794e-06
5.083117706136148e-02	2.542852e+00	0.000000e+00	9.394152e-07
5.114705891850434e-02	2.556306e+00	0.000000e+00	-6.187985e-07
5.146294077564720e-02	2.570954e+00	0.000000e+00	-1.491847e-06
5.177882263279006e-02	2.586798e+00	0.000000e+00	-1.679730e-06
5.209470448993292e-02	2.603836e+00	0.000000e+00	-1.182448e-06
5.241058634707577e-02	2.622070e+00	0.000000e+00	0.000000e+00
9.977386759707577e-02	4.985538e+00	0.000000e+00	-8.757887e-09
1.000000000000000e-01	5.000000e+00	0.000000e+00	4.684804e-02
1.000000006901013e-01	1.666667e+00	0.000000e+00	2.118154e-02
1.000000020703040e-01	0.000000e+00	0.000000e+00	-3.413241e-03
1.000000022826033e-01	0.000000e+00	0.000000e+00	-3.595785e-03
1.000000027072018e-01	0.000000e+00	0.000000e+00	-1.241142e-03
1.000000035563988e-01	0.000000e+00	0.000000e+00	2.377972e-05
1.000000037686981e-01	0.000000e+00	0.000000e+00	5.191788e-05
1.000000041932966e-01	0.000000e+00	0.000000e+00	1.734594e-05
1.000000049492699e-01	0.000000e+00	0.000000e+00	9.323951e-02
1.000000057984670e-01	0.000000e+00	0.000000e+00	4.214862e-01
1.000000059242244e-01	0.000000e+00	0.000000e+00	5.132221e-01
1.000000063014969e-01	0.000000e+00	0.000000e+00	8.650386e-01
1.000000065530118e-01	0.000000e+00	2.629660e-02	1.099583e+00
1.000000068045268e-01	0.000000e+00	1.402485e-01	1.334127e+00
1.000000073075566e-01	0.000000e+00	5.259319e-01	1.803216e+00
1.000000083075566e-01	0.000000e+00	1.362354e+00	2.735743e+00
1.000000093075566e-01	0.000000e+00	2.198777e+00	3.668269e+00
1.000000103075566e-01	0.000000e+00	3.035199e+00	4.468972e+00
1.000000113075566e-01	0.000000e+00	3.836330e+00	4.894104e+00
1.000000123075566e-01	0.000000e+00	4.375793e+00	4.980328e+00
1.000000143075566e-01	0.000000e+00	4.716773e+00	4.973100e+00
1.000000162127816e-01	0.000000e+00	4.726950e+00	4.973688e+00
1.000000179742555e-01	0.000000e+00	4.720022e+00	4.973267e+00
1.000000198783914e-01	0.000000e+00	4.724497e+00	4.973550e+00
1.000000217215496e-01	0.000000e+00	4.722533e+00	4.973421e+00
1.000000236317835e-01	0.000000e+00	4.723660e+00	4.973498e+00
1.000000254761852e-01	0.000000e+00	4.723103e+00	4.973458e+00
1.000000273690222e-01	0.000000e+00	4.723428e+00	4.973482e+00
1.000000292207380e-01	0.000000e+00	4.723254e+00	4.973469e+00
1.000000312394558e-01	0.000000e+00	4.723358e+00	4.973477e+00
1.000000333367725e-01	0.000000e+00	4.723305e+00	4.973473e+00
1.000000358647388e-01	0.000000e+00	4.723336e+00	4.973475e+00
1.000000386518712e-01	0.000000e+00	4.723321e+00	4.973474e+00
1.000000420484009e-01	0.000000e+00	4.723330e+00	4.973475e+00
1.000000459569576e-01	0.000000e+00	4.723325e+00	4.973475e+00
1.000000509370652e-01	0.000000e+00	4.723328e+00	4.973475e+00
1.000000571325404e-01	0.000000e+00	4.723326e+00	4.973475e+00
1.000000657762272e-01	0.000000e+00	4.723328e+00	4.973475e+00
1.000000781789268e-01	0.000000e+00	4.723327e+00	4.973475e+00
1.000876355715579e-01	0.000000e+00	4.723327e+00	4.973475e+00
1.001752143457257e-01	6.221677e-03	4.723327e+00	4.973475e+00
1.002251003558819e-01	1.591258e-02	4.723327e+00	4.973475e+00
1.002544679015861e-01	1.953125e-02	4.723327e+00	4.973475e+00
1.003604358710913e-01	1.953125e-02	4.723327e+00	4.973475e+00
1.004664216904516e-01	2.278646e-02	4.723327e+00	4.973475e+00
1.006783933291722e-01	3.417924e-02	4.723327e+00	4.973475e+00
1.010814709862224e-01	5.335677e-02	4.723327e+00	4.973475e+00
1.013024232990224e-01	6.353607e-02	4.723327e+00	4.973475e+00
1.015180549048284e-01	7.304835e-02	4.723327e+00	4.973475e+00
1.017515150597163e-01	8.289862e-02	4.723327e+00	4.973475e+00
1.022397963097163e-01	1.123047e-01	4.723327e+00	4.973475e+00
1.024839369347163e-01	1.220703e-01	4.723327e+00	4.973475e+00
1.029722181847163e-01	1.513672e-01	4.723327e+00	4.973475e+00
1.037046400597163e-01	1.806641e-01	4.723327e+00	4.973475e+00
1.041929213097163e-01	2.099609e-01	4.723327e+00	4.973475e+00
1.044370619347163e-01	2.197266e-01	4.723327e+00	4.973475e+00
1.049253431847163e-01	2.490234e-01	4.723327e+00	4.973475e+00
1.056577650597163e-01	2.783203e-01	4.723327e+00	4.973475e+00
1.061460463097163e-01	3.076172e-01	4.723327e+00	4.973475e+00
1.063901869347163e-01	3.173828e-01	4.723327e+00	4.973475e+00
1.068784681847163e-01	3.466797e-01	4.723327e+00	4.973475e+00
1.076108900597163e-01	3.759766e-01	4.723327e+00	4.973475e+00
1.080991713097163e-01	4.052734e-01	4.723327e+00	4.973475e+00
1.083433119347163e-01	4.150391e-01	4.723327e+00	4.973475e+00
1.088315931847163e-01	4.443359e-01	4.723327e+00	4.973475e+00
1.095640150597163e-01	4.736328e-01	4.723327e+00	4.973475e+00
1.100522963097163e-01	5.029297e-01	4.723327e+00	4.973475e+00
1.102964369347163e-01	5.126953e-01	4.723327e+00	4.973475e+00
1.107847181847163e-01	5.419922e-01	4.723327e+00	4.973475e+00
1.115171400597163e-01	5.712891e-01	4.723327e+00	4.973475e+00
1.120054213097163e-01	6.005859e-01	4.723327e+00	4.973475e+00
1.122495619347163e-01	6.103516e-01	4.723327e+00	4.973475e+00
1.127378431847163e-01	6.396484e-01	4.723327e+00	4.973475e+00
1.134702650597163e-01	6.689453e-01	4.723327e+00	4.973475e+00
1.139585463097163e-01	6.982422e-01	4.723327e+00	4.973475e+00
1.142026869347163e-01	7.080078e-01	4.723327e+00	4.973475e+00
1.146909681847163e-01	7.373047e-01	4.723327e+00	4.973475e+00
1.154233900597163e-01	7.666016e-01	4.723327e+00	4.973475e+00
1.159116713097163e-01	7.958984e-01	4.723327e+00	4.973475e+00
1.161558119347163e-01	8.056641e-01	4.723327e+00	4.973475e+00
1.166440931847163e-01	8.349609e-01	4.723327e+00	4.973475e+00
1.173765150597163e-01	8.642578e-01	4.723327e+00	4.973475e+00
1.178647963097163e-01	8.935547e-01	4.723327e+00	4.973475e+00
1.181089369347163e-01	9.033203e-01	4.723327e+00	4.973475e+00
1.185972181847163e-01	9.326172e-01	4.723327e+00	4.973475e+00
1.193296400597163e-01	9.619141e-01	4.723327e+00	4.973475e+00
1.198179213097163e-01	9.912109e-01	4.723327e+00	4.973475e+00
1.203062025597163e-01	1.015625e+00	4.723327e+00	4.973475e+00
1.207944838097163e-01	1.040039e+00	4.723327e+00	4.973475e+00
1.212827650597163e-01	1.059570e+00	4.723327e+00	4.973475e+00
1.217710463097163e-01	1.088867e+00	4.723327e+00	4.973475e+00
1.222593275597163e-01	1.113281e+00	4.723327e+00	4.973475e+00
1.227476088097163e-01	1.137695e+00	4.723327e+00	4.973475e+00
1.232358900597163e-01	1.157227e+00	4.723327e+00	4.973475e+00
1.237241713097163e-01	1.186523e+00	4.723327e+00	4.973475e+00
1.242124525597163e-01	1.210938e+00	4.723327e+00	4.973475e+00
1.247007338097163e-01	1.235352e+00	4.723327e+00	4.973475e+00
1.251890150597162e-01	1.254883e+00	4.723327e+00	4.973475e+00
1.256772963097162e-01	1.284180e+00	4.723327e+00	4.973475e+00
1.261655775597162e-01	1.308594e+00	4.723327e+00	4.973475e+00
1.268979994347162e-01	1.342773e+00	4.723327e+00	4.973475e+00
1.271770172918591e-01	1.357670e+00	4.723327e+00	4.973475e+00
1.274560351490020e-01	1.372252e+00	4.723327e+00	4.973475e+00
1.277350530061448e-01	1.386518e+00	4.723327e+00	4.973475e+00
1.280140708632877e-01	1.400469e+00	4.723327e+00	4.973475e+00
1.282930887204305e-01	1.414105e+00	4.723327e+00	4.973475e+00
1.285721065775734e-01	1.427425e+00	4.723327e+00	4.973475e+00
1.288511244347162e-01	1.440430e+00	4.723327e+00	4.973475e+00
1.291998967561448e-01	1.458738e+00	4.723327e+00	4.973475e+00
1.295486690775734e-01	1.476757e+00	4.723327e+00	4.973475e+00
1.298974413990020e-01	1.494486e+00	4.723327e+00	4.973475e+00
1.302462137204305e-01	1.511924e+00	4.723327e+00	4.973475e+00
1.305949860418591e-01	1.529073e+00	4.723327e+00	4.973475e+00
1.309437583632877e-01	1.545931e+00	4.723327e+00	4.973475e+00
1.312925306847162e-01	1.562500e+00	4.723327e+00	4.973475e+00
1.315715485418591e-01	1.577537e+00	4.723327e+00	4.973475e+00
1.318505663990020e-01	1.592212e+00	4.723327e+00	4.973475e+00
1.321295842561448e-01	1.606525e+00	4.723327e+00	4.973475e+00
1.324086021132877e-01	1.620476e+00	4.723327e+00	4.973475e+00
1.326876199704305e-01	1.634065e+00	4.723327e+00	4.973475e+00
1.329666378275734e-01	1.647292e+00	4.723327e+00	4.973475e+00
1.332456556847162e-01	1.660156e+00	4.723327e+00	4.973475e+00
1.335246735418591e-01	1.675193e+00	4.723327e+00	4.973475e+00
1.338036913990020e-01	1.689869e+00	4.723327e+00	4.973475e+00
1.340827092561448e-01	1.704182e+00	4.723327e+00	4.973475e+00
1.343617271132877e-01	1.718132e+00	4.723327e+00	4.973475e+00
1.346407449704305e-01	1.731721e+00	4.723327e+00	4.973475e+00
1.349197628275734e-01	1.744948e+00	4.723327e+00	4.973475e+00
1.351987806847162e-01	1.757812e+00	4.723327e+00	4.973475e+00
1.355824302382877e-01	1.777344e+00	4.723327e+00	4.973475e+00
1.359660797918591e-01	1.796875e+00	4.723327e+00	4.973475e+00
1.363497293454305e-01	1.816406e+00	4.723327e+00	4.973475e+00
1.367333788990020e-01	1.835938e+00	4.723327e+00	4.973475e+00
1.371170284525734e-01	1.855469e+00	4.723327e+00	4.973475e+00
1.375006780061448e-01	1.875000e+00	4.723327e+00	4.973475e+00
1.378843275597162e-01	1.894531e+00	4.723327e+00	4.973475e+00
1.385469949704305e-01	1.927311e+00	4.723327e+00	4.973475e+00
1.392096623811448e-01	1.960092e+00	4.723327e+00	4.973475e+00
1.398723297918591e-01	1.992875e+00	4.723327e+00	4.973475e+00
1.405349972025734e-01	2.025659e+00	4.723327e+00	4.973475e+00
1.411976646132877e-01	2.058445e+00	4.723327e+00	4.973475e+00
1.418603320240020e-01	2.091234e+00	4.723327e+00	4.973475e+00
1.425229994347162e-01	2.124023e+00	4.723327e+00	4.973475e+00
1.431856668454305e-01	2.157521e+00	4.723327e+00	4.973475e+00
1.438483342561448e-01	2.191014e+00	4.723327e+00	4.973475e+00
1.445110016668591e-01	2.224501e+00	4.723327e+00	4.973475e+00
1.451736690775734e-01	2.257983e+00	4.723327e+00	4.973475e+00
1.458363364882877e-01	2.291460e+00	4.723327e+00	4.973475e+00
1.464990038990020e-01	2.324932e+00	4.723327e+00	4.973475e+00
1.471616713097162e-01	2.358398e+00	4.723327e+00	4.973475e+00
1.474058119347162e-01	2.363281e+00	4.723336e+00	4.973476e+00
1.474439589073725e-01	2.363281e+00	4.723327e+00	4.973475e+00
1.474609201541014e-01	2.363281e+00	4.723327e+00	4.973475e+00
1.474609350552626e-01	2.371094e+00	4.723327e+00	4.973475e+00
1.474609387805529e-01	2.380859e+00	4.723327e+00	4.973475e+00
1.474609397118755e-01	2.382812e+00	4.723327e+00	4.973475e+00
1.474609404103674e-01	2.382812e+00	4.723327e+00	4.973475e+00
1.474609413416900e-01	2.382812e+00	4.723327e+00	4.973475e+00
1.474609418369129e-01	2.382812e+00	4.723327e+00	4.973475e+00
1.474609427091121e-01	2.382812e+00	4.626347e+00	4.973475e+00
1.474609436995581e-01	2.382812e+00	4.205060e+00	4.973475e+00
1.474609446995581e-01	2.382812e+00	3.472689e+00	4.973475e+00
1.474609456995581e-01	2.382812e+00	2.636266e+00	4.973475e+00
1.474609466995581e-01	2.382812e+00	1.799844e+00	4.973475e+00
1.474609476995581e-01	2.382812e+00	9.808636e-01	4.973475e+00
1.474609486995581e-01	2.382812e+00	4.011713e-01	4.973475e+00
1.474609506995581e-01	2.382812e+00	2.434238e-02	4.973475e+00
1.474609546995581e-01	2.382812e+00	-7.260505e-03	4.973475e+00
1.474609626995581e-01	2.382812e+00	2.825182e-03	4.973475e+00
1.474609786995581e-01	2.382812e+00	-1.247580e-03	4.973475e+00
1.474610106995581e-01	2.382812e+00	5.863458e-04	4.973475e+00
1.474610746995581e-01	2.382812e+00	-2.842458e-04	4.973475e+00
1.474612026995581e-01	2.382812e+00	1.399430e-04	4.973475e+00
1.474614586995581e-01	2.382812e+00	-6.943693e-05	4.973475e+00
1.474619706995581e-01	2.382812e+00	3.458187e-05	4.973475e+00
1.474629946995581e-01	2.382812e+00	-1.725803e-05	4.973475e+00
1.474650426995581e-01	2.382812e+00	8.622184e-06	4.973475e+00
1.474691386995581e-01	2.382812e+00	-4.307678e-06	4.973475e+00
1.477495581817009e-01	2.391558e+00	-2.223159e-06	4.973475e+00
1.480299776638438e-01	2.401806e+00	-6.283960e-07	4.973475e+00
1.483103971459866e-01	2.413556e+00	4.766099e-07	4.973475e+00
1.485908166281295e-01	2.426810e+00	1.091859e-06	4.973475e+00
1.488712361102724e-01	2.441566e+00	1.217352e-06	4.973475e+00
1.491516555924152e-01	2.457824e+00	8.530888e-07	4.973475e+00
1.494320750745581e-01	2.475586e+00	-9.313226e-10	4.973475e+00
1.496762156995581e-01	2.480469e+00	-2.776361e-02	4.973475e+00
1.497067332776831e-01	2.480469e+00	-2.082272e-02	4.973475e+00
1.497677684339331e-01	2.483724e+00	-2.671641e-12	4.973475e+00
1.499300015668021e-01	2.500000e+00	-2.928714e-43	4.973475e+00
1.499318548987256e-01	2.500000e+00	0.000000e+00	4.973475e+00
1.499337100932942e-01	2.500000e+00	0.000000e+00	4.973475e+00
1.499355657535241e-01	2.500000e+00	0.000000e+00	4.973475e+00
1.499374190854476e-01	2.500000e+00	0.000000e+00	4.973475e+00
1.499392742800162e-01	2.500000e+00	0.000000e+00	4.973475e+00
1.499411266806172e-01	2.500000e+00	0.000000e+00	4.973475e+00
1.499429832721696e-01	2.500000e+00	0.000000e+00	4.973475e+00
1.499448384667383e-01	2.500000e+00	0.000000e+00	4.973475e+00
1.499466908673392e-01	2.500000e+00	0.000000e+00	4.973475e+00
1.499485441992627e-01	2.500000e+00	0.000000e+00	4.973475e+00
1.499503993938313e-01	2.500000e+00	0.000000e+00	4.973475e+00
1.499522550540612e-01	2.500000e+00	0.000000e+00	4.973475e+00
1.499541083859847e-01	2.500000e+00	0.000000e+00	4.973475e+00
1.499559635805534e-01	2.500000e+00	0.000000e+00	4.973475e+00
1.499578159811543e-01	2.500000e+00	0.000000e+00	4.973475e+00
1.499596725727068e-01	2.500000e+00	0.000000e+00	4.973475e+00
1.499615277672754e-01	2.500000e+00	0.000000e+00	4.973475e+00
1.499633801678763e-01	2.500000e+00	0.000000e+00	4.973475e+00
1.499652334997998e-01	2.500000e+00	0.000000e+00	4.973475e+00
1.499670886943684e-01	2.500000e+00	0.000000e+00	4.973475e+00
1.499689443545983e-01	2.500000e+00	0.000000e+00	4.973475e+00
1.499707976865218e-01	2.500000e+00	0.000000e+00	4.973475e+00
1.499726528810905e-01	2.500000e+00	0.000000e+00	4.973475e+00
1.499745052816914e-01	2.500000e+00	0.000000e+00	4.973475e+00
1.499763618732439e-01	2.500000e+00	0.000000e+00	4.973475e+00
1.499782170678125e-01	2.500000e+00	0.000000e+00	4.973475e+00
1.499800694684134e-01	2.500000e+00	0.000000e+00	4.973475e+00
1.499819228003369e-01	2.500000e+00	0.000000e+00	4.973475e+00
1.499837779949055e-01	2.500000e+00	0.000000e+00	4.973475e+00
1.499856336551355e-01	2.500000e+00	0.000000e+00	4.973475e+00
1.499874869870589e-01	2.500000e+00	0.000000e+00	4.973475e+00
1.499893421816276e-01	2.500000e+00	0.000000e+00	4.973475e+00
1.499911945822285e-01	2.500000e+00	0.000000e+00	4.973475e+00
1.499930511737810e-01	2.500000e+00	0.000000e+00	4.973475e+00
1.499949063683496e-01	2.500000e+00	0.000000e+00	4.973475e+00
1.499967587689505e-01	2.500000e+00	0.000000e+00	4.973475e+00
1.499986121008740e-01	2.500000e+00	0.000000e+00	4.973475e+00
1.500004672954426e-01	2.500000e+00	0.000000e+00	4.973475e+00
1.500023229556726e-01	2.500000e+00	0.000000e+00	4.973475e+00
1.500041762875960e-01	2.500000e+00	0.000000e+00	4.973475e+00
1.500060314821647e-01	2.500000e+00	0.000000e+00	4.973475e+00
1.500078838827656e-01	2.500000e+00	0.000000e+00	4.973475e+00
1.500097404743181e-01	2.500000e+00	0.000000e+00	4.973475e+00
1.500115956688867e-01	2.500000e+00	0.000000e+00	4.973475e+00
1.500134480694876e-01	2.500000e+00	0.000000e+00	4.973475e+00
1.500153014014111e-01	2.500000e+00	0.000000e+00	4.973475e+00
1.500171565959798e-01	2.500000e+00	0.000000e+00	4.973475e+00
1.500190122562097e-01	2.500000e+00	0.000000e+00	4.973475e+00
1.500208655881332e-01	2.500000e+00	0.000000e+00	4.973475e+00
1.500227207827018e-01	2.500000e+00	0.000000e+00	4.973475e+00
1.500245731833027e-01	2.500000e+00	0.000000e+00	4.973475e+00
1.500264297748552e-01	2.500000e+00	0.000000e+00	4.973475e+00
1.500282849694238e-01	2.500000e+00	0.000000e+00	4.973475e+00
1.500301373700247e-01	2.500000e+00	0.000000e+00	4.973475e+00
1.500319907019482e-01	2.500000e+00	0.000000e+00	4.973475e+00
1.500338458965169e-01	2.500000e+00	0.000000e+00	4.973475e+00
1.500357015567468e-01	2.500000e+00	0.000000e+00	4.973475e+00
1.500375548886703e-01	2.500000e+00	0.000000e+00	4.973475e+00
1.500394100832389e-01	2.500000e+00	0.000000e+00	4.973475e+00
1.500412624838398e-01	2.500000e+00	0.000000e+00	4.973475e+00
1.500431190753923e-01	2.500000e+00	0.000000e+00	4.973475e+00
1.500449742699609e-01	2.500000e+00	0.000000e+00	4.973475e+00
1.500468266705619e-01	2.500000e+00	0.000000e+00	4.973475e+00
1.500486800024853e-01	2.500000e+00	0.000000e+00	4.973475e+00
1.500505351970540e-01	2.500000e+00	0.000000e+00	4.973475e+00
1.500523908572839e-01	2.500000e+00	0.000000e+00	4.973475e+00
1.500542441892074e-01	2.500000e+00	0.000000e+00	4.973475e+00
1.500560993837760e-01	2.500000e+00	0.000000e+00	4.973475e+00
1.500579517843769e-01	2.500000e+00	0.000000e+00	4.973475e+00
1.500598083759294e-01	2.500000e+00	0.000000e+00	4.973475e+00
1.500616635704980e-01	2.500000e+00	0.000000e+00	4.973475e+00
1.500635159710990e-01	2.500000e+00	0.000000e+00	4.973475e+00
1.500653693030224e-01	2.500000e+00	0.000000e+00	4.973475e+00
1.500672244975911e-01	2.500000e+00	0.000000e+00	4.973475e+00
1.500690801578210e-01	2.500000e+00	0.000000e+00	4.973475e+00
1.500709334897445e-01	2.500000e+00	0.000000e+00	4.973475e+00
1.500727886843131e-01	2.500000e+00	0.000000e+00	4.973475e+00
1.500746410849140e-01	2.500000e+00	0.000000e+00	4.973475e+00
1.500764976764665e-01	2.500000e+00	0.000000e+00	4.973475e+00
1.500783528710352e-01	2.500000e+00	0.000000e+00	4.973475e+00
1.500802052716361e-01	2.500000e+00	0.000000e+00	4.973475e+00
1.500820586035596e-01	2.500000e+00	0.000000e+00	4.973475e+00
1.500839137981282e-01	2.500000e+00	0.000000e+00	4.973475e+00
1.500857694583581e-01	2.500000e+00	0.000000e+00	4.973475e+00
1.500876227902816e-01	2.500000e+00	0.000000e+00	4.973475e+00
1.500894779848502e-01	2.500000e+00	0.000000e+00	4.973475e+00
1.500913303854511e-01	2.500000e+00	0.000000e+00	4.973475e+00
1.500931869770036e-01	2.500000e+00	0.000000e+00	4.973475e+00
1.500950421715723e-01	2.500000e+00	0.000000e+00	4.973475e+00
1.500968945721732e-01	2.500000e+00	0.000000e+00	4.973475e+00
1.500987479040967e-01	2.500000e+00	0.000000e+00	4.973475e+00
1.501006030986653e-01	2.500000e+00	0.000000e+00	4.973475e+00
1.501024587588952e-01	2.500000e+00	0.000000e+00	4.973475e+00
1.501043120908187e-01	2.500000e+00	0.000000e+00	4.973475e+00
1.501061672853873e-01	2.500000e+00	0.000000e+00	4.973475e+00
1.501080196859882e-01	2.500000e+00	0.000000e+00	4.973475e+00
1.501098762775407e-01	2.500000e+00	0.000000e+00	4.973475e+00
1.501117314721094e-01	2.500000e+00	0.000000e+00	4.973475e+00
1.501135838727103e-01	2.500000e+00	0.000000e+00	4.973475e+00
1.501154372046338e-01	2.500000e+00	0.000000e+00	4.973475e+00
1.501172923992024e-01	2.500000e+00	0.000000e+00	4.973475e+00
1.501191480594323e-01	2.500000e+00	0.000000e+00	4.973475e+00
1.501210013913558e-01	2.500000e+00	0.000000e+00	4.973475e+00
1.501228565859244e-01	2.500000e+00	0.000000e+00	4.973475e+00
1.501247089865254e-01	2.500000e+00	0.000000e+00	4.973475e+00
1.501265655780779e-01	2.500000e+00	0.000000e+00	4.973475e+00
1.501284207726465e-01	2.500000e+00	0.000000e+00	4.973475e+00
1.501302731732474e-01	2.500000e+00	0.000000e+00	4.973475e+00
1.501321265051709e-01	2.500000e+00	0.000000e+00	4.973475e+00
1.501339816997395e-01	2.500000e+00	0.000000e+00	4.973475e+00
1.501358373599694e-01	2.500000e+00	0.000000e+00	4.973475e+00
1.501376906918929e-01	2.500000e+00	0.000000e+00	4.973475e+00
1.501395458864616e-01	2.500000e+00	0.000000e+00	4.973475e+00
1.501413982870625e-01	2.500000e+00	0.000000e+00	4.973475e+00
1.501432548786150e-01	2.500000e+00	0.000000e+00	4.973475e+00
1.501451100731836e-01	2.500000e+00	0.000000e+00	4.973475e+00
1.501469624737845e-01	2.500000e+00	0.000000e+00	4.973475e+00
1.501488158057080e-01	2.500000e+00	0.000000e+00	4.973475e+00
1.501506710002766e-01	2.500000e+00	0.000000e+00	4.973475e+00
1.501525266605065e-01	2.500000e+00	0.000000e+00	4.973475e+00
1.501543799924300e-01	2.500000e+00	0.000000e+00	4.973475e+00
1.501562351869987e-01	2.500000e+00	0.000000e+00	4.973475e+00
1.501580875875996e-01	2.500000e+00	0.000000e+00	4.973475e+00
1.501599441791521e-01	2.500000e+00	0.000000e+00	4.973475e+00
1.501617993737207e-01	2.500000e+00	0.000000e+00	4.973475e+00
1.501636517743216e-01	2.500000e+00	0.000000e+00	4.973475e+00
1.501655051062451e-01	2.500000e+00	0.000000e+00	4.973475e+00
1.501673603008137e-01	2.500000e+00	0.000000e+00	4.973475e+00
1.501692159610437e-01	2.500000e+00	0.000000e+00	4.973475e+00
1.501710692929671e-01	2.500000e+00	0.000000e+00	4.973475e+00
1.501729244875358e-01	2.500000e+00	0.000000e+00	4.973475e+00
1.501747768881367e-01	2.500000e+00	0.000000e+00	4.973475e+00
1.501766334796892e-01	2.500000e+00	0.000000e+00	4.973475e+00
1.501784886742578e-01	2.500000e+00	0.000000e+00	4.973475e+00
1.501803410748587e-01	2.500000e+00	0.000000e+00	4.973475e+00
1.501821944067822e-01	2.500000e+00	0.000000e+00	4.973475e+00
1.501840496013508e-01	2.500000e+00	0.000000e+00	4.973475e+00
1.501859052615808e-01	2.500000e+00	0.000000e+00	4.973475e+00
1.501877585935043e-01	2.500000e+00	0.000000e+00	4.973475e+00
1.501896137880729e-01	2.500000e+00	0.000000e+00	4.973475e+00
1.501914661886738e-01	2.500000e+00	0.000000e+00	4.973475e+00
1.501933227802263e-01	2.500000e+00	0.000000e+00	4.973475e+00
1.501951779747949e-01	2.500000e+00	0.000000e+00	4.973475e+00
1.501953111539231e-01	2.500000e+00	0.000000e+00	4.973475e+00
1.501953116195844e-01	2.503255e+00	0.000000e+00	4.973475e+00
1.501953125509070e-01	2.516929e+00	0.000000e+00	4.973475e+00
1.501953128892672e-01	2.519531e+00	0.000000e+00	4.973475e+00
1.501953137142282e-01	2.519531e+00	0.000000e+00	4.973475e+00
1.501953141589500e-01	2.519531e+00	0.000000e+00	4.973475e+00
1.501953144554312e-01	2.519531e+00	0.000000e+00	4.938915e+00
1.501953147519123e-01	2.519531e+00	0.000000e+00	4.789157e+00
1.501953153448747e-01	2.519531e+00	0.000000e+00	4.282283e+00
1.501953163448747e-01	2.519531e+00	0.000000e+00	3.349757e+00
1.501953173448747e-01	2.519531e+00	0.000000e+00	2.417230e+00
1.501953183448747e-01	2.519531e+00	0.000000e+00	1.484704e+00
1.501953193448747e-01	2.519531e+00	0.000000e+00	7.576444e-01
1.501953213448747e-01	2.519531e+00	0.000000e+00	1.542278e-01
1.501953253448747e-01	2.519531e+00	0.000000e+00	-5.004594e-03
1.501953333448747e-01	2.519531e+00	0.000000e+00	1.975249e-03
1.501953493448747e-01	2.519531e+00	0.000000e+00	-8.783371e-04
1.501953813448747e-01	2.519531e+00	0.000000e+00	4.142305e-04
1.501954453448747e-01	2.519531e+00	0.000000e+00	-2.011557e-04
1.501955733448747e-01	2.519531e+00	0.000000e+00	9.912128e-05
1.501958293448747e-01	2.519531e+00	0.000000e+00	-4.920115e-05
1.501963413448747e-01	2.519531e+00	0.000000e+00	2.450993e-05
1.501973653448747e-01	2.519531e+00	0.000000e+00	-1.223323e-05
1.501994133448747e-01	2.519531e+00	0.000000e+00	6.111339e-06
1.505152952020175e-01	2.530594e+00	0.000000e+00	3.182794e-06
1.508311770591604e-01	2.542852e+00	0.000000e+00	9.394152e-07
1.511470589163032e-01	2.556306e+00	0.000000e+00	-6.187985e-07
1.514629407734461e-01	2.570954e+00	0.000000e+00	-1.491847e-06
1.517788226305889e-01	2.586798e+00	0.000000e+00	-1.679730e-06
1.520947044877318e-01	2.603836e+00	0.000000e+00	-1.182448e-06
1.524105863448747e-01	2.622070e+00	0.000000e+00	0.000000e+00
1.997738675948747e-01	4.985538e+00	0.000000e+00	-8.757886e-09
2.000000000000002e-01	2.500010e+00	0.000000e+00	2.863798e-02
2.000000009313228e-01	1.666667e+00	0.000000e+00	1.986581e-02
2.000000027939679e-01	0.000000e+00	0.000000e+00	-4.205232e-03
2.000000029456589e-01	0.000000e+00	0.000000e+00	-3.941386e-03
2.000000032490409e-01	0.000000e+00	0.000000e+00	-1.725158e-03
2.000000038558049e-01	0.000000e+00	0.000000e+00	-5.206904e-05
2.000000040074959e-01	0.000000e+00	0.000000e+00	4.446964e-05
2.000000043108779e-01	0.000000e+00	0.000000e+00	1.946452e-05
2.000000050055616e-01	0.000000e+00	0.000000e+00	-5.538947e-07
2.000000056829993e-01	0.000000e+00	0.000000e+00	-3.434051e-08
2.000000059192511e-01	0.000000e+00	0.000000e+00	3.080530e-02
2.000000062190896e-01	0.000000e+00	4.020885e-02	1.846324e-01
2.000000067551798e-01	0.000000e+00	2.989320e-01	6.397220e-01
2.000000078273602e-01	0.000000e+00	1.120995e+00	1.639559e+00
2.000000088273602e-01	0.000000e+00	1.957417e+00	2.572085e+00
2.000000098273602e-01	0.000000e+00	2.793840e+00	3.504612e+00
2.000000108273602e-01	0.000000e+00	3.630262e+00	4.331997e+00
2.000000118273602e-01	0.000000e+00	4.251927e+00	4.784861e+00
2.000000138273602e-01	0.000000e+00	4.706811e+00	4.972552e+00
2.000000157325852e-01	0.000000e+00	4.728609e+00	4.973999e+00
2.000000174940591e-01	0.000000e+00	4.718508e+00	4.972963e+00
2.000000193981950e-01	0.000000e+00	4.725033e+00	4.973660e+00
2.000000212413532e-01	0.000000e+00	4.722169e+00	4.973343e+00
2.000000231515871e-01	0.000000e+00	4.723812e+00	4.973531e+00
2.000000249959888e-01	0.000000e+00	4.723001e+00	4.973435e+00
2.000000268888257e-01	0.000000e+00	4.723475e+00	4.973494e+00
2.000000287405416e-01	0.000000e+00	4.723232e+00	4.973462e+00
2.000000306589589e-01	0.000000e+00	4.723379e+00	4.973482e+00
2.000000327096283e-01	0.000000e+00	4.723296e+00	4.973470e+00
2.000000351158950e-01	0.000000e+00	4.723341e+00	4.973476e+00
2.000000378213442e-01	0.000000e+00	4.723319e+00	4.973474e+00
2.000000410300778e-01	0.000000e+00	4.723331e+00	4.973475e+00
2.000000447655088e-01	0.000000e+00	4.723324e+00	4.973475e+00
2.000000494006049e-01	0.000000e+00	4.723329e+00	4.973475e+00
2.000000551829842e-01	0.000000e+00	4.723326e+00	4.973475e+00
2.000000629915699e-01	0.000000e+00	4.723328e+00	4.973475e+00
2.000000740396297e-01	0.000000e+00	4.723326e+00	4.973475e+00
2.001419497561545e-01	0.000000e+00	4.723327e+00	4.973475e+00
2.001946772025464e-01	6.297094e-03	4.723327e+00	4.973475e+00
2.002237202432741e-01	1.656862e-02	4.723327e+00	4.973475e+00
2.002363681678675e-01	1.953125e-02	4.723327e+00	4.973475e+00
2.003292471015679e-01	1.953125e-02	4.723327e+00	4.973475e+00
2.004212875149410e-01	2.278646e-02	4.723327e+00	4.973475e+00
2.006053683416870e-01	3.456614e-02	4.723327e+00	4.973475e+00
2.007624480639040e-01	3.906250e-02	4.723327e+00	4.973475e+00
2.009133081648084e-01	4.282941e-02	4.723327e+00	4.973475e+00
2.011535498659444e-01	5.851514e-02	4.723327e+00	4.973475e+00
2.013976904909444e-01	7.324219e-02	4.723327e+00	4.973475e+00
2.021301123659444e-01	1.025391e-01	4.723327e+00	4.973475e+00
2.026183936159444e-01	1.318359e-01	4.723327e+00	4.973475e+00
2.028625342409444e-01	1.416016e-01	4.723327e+00	4.973475e+00
2.033508154909444e-01	1.708984e-01	4.723327e+00	4.973475e+00
2.040832373659444e-01	2.001953e-01	4.723327e+00	4.973475e+00
2.045715186159444e-01	2.294922e-01	4.723327e+00	4.973475e+00
2.048156592409444e-01	2.392578e-01	4.723327e+00	4.973475e+00
2.053039404909444e-01	2.685547e-01	4.723327e+00	4.973475e+00
2.060363623659444e-01	2.978516e-01	4.723327e+00	4.973475e+00
2.065246436159444e-01	3.271484e-01	4.723327e+00	4.973475e+00
2.067687842409444e-01	3.369141e-01	4.723327e+00	4.973475e+00
2.072570654909444e-01	3.662109e-01	4.723327e+00	4.973475e+00
2.079894873659444e-01	3.955078e-01	4.723327e+00	4.973475e+00
2.084777686159444e-01	4.248047e-01	4.723327e+00	4.973475e+00
2.087219092409444e-01	4.345703e-01	4.723327e+00	4.973475e+00
2.092101904909444e-01	4.638672e-01	4.723327e+00	4.973475e+00
2.099426123659444e-01	4.931641e-01	4.723327e+00	4.973475e+00
2.104308936159444e-01	5.224609e-01	4.723327e+00	4.973475e+00
2.106750342409444e-01	5.322266e-01	4.723327e+00	4.973475e+00
2.111633154909444e-01	5.615234e-01	4.723327e+00	4.973475e+00
2.118957373659444e-01	5.908203e-01	4.723327e+00	4.973475e+00
2.123840186159444e-01	6.201172e-01	4.723327e+00	4.973475e+00
2.126281592409444e-01	6.298828e-01	4.723327e+00	4.973475e+00
2.131164404909444e-01	6.591797e-01	4.723327e+00	4.973475e+00
2.138488623659444e-01	6.884766e-01	4.723327e+00	4.973475e+00
2.143371436159444e-01	7.177734e-01	4.723327e+00	4.973475e+00
2.145812842409444e-01	7.275391e-01	4.723327e+00	4.973475e+00
2.150695654909444e-01	7.568359e-01	4.723327e+00	4.973475e+00
2.158019873659444e-01	7.861328e-01	4.723327e+00	4.973475e+00
2.162902686159444e-01	8.154297e-01	4.723327e+00	4.973475e+00
2.165344092409444e-01	8.251953e-01	4.723327e+00	4.973475e+00
2.170226904909444e-01	8.544922e-01	4.723327e+00	4.973475e+00
2.177551123659444e-01	8.837891e-01	4.723327e+00	4.973475e+00
2.182433936159444e-01	9.130859e-01	4.723327e+00	4.973475e+00
2.184875342409444e-01	9.228516e-01	4.723327e+00	4.973475e+00
2.189758154909444e-01	9.521484e-01	4.723327e+00	4.973475e+00
2.197082373659444e-01	9.814453e-01	4.723327e+00	4.973475e+00
2.201965186159444e-01	1.010742e+00	4.723327e+00	4.973475e+00
2.206847998659444e-01	1.035156e+00	4.723327e+00	4.973475e+00
2.211730811159444e-01	1.059570e+00	4.723327e+00	4.973475e+00
2.216613623659444e-01	1.079102e+00	4.723327e+00	4.973475e+00
2.221496436159444e-01	1.108398e+00	4.723327e+00	4.973475e+00
2.226379248659444e-01	1.132812e+00	4.723327e+00	4.973475e+00
2.231262061159444e-01	1.157227e+00	4.723327e+00	4.973475e+00
2.236144873659444e-01	1.176758e+00	4.723327e+00	4.973475e+00
2.241027686159444e-01	1.206055e+00	4.723327e+00	4.973475e+00
2.245910498659444e-01	1.230469e+00	4.723327e+00	4.973475e+00
2.250793311159444e-01	1.254883e+00	4.723327e+00	4.973475e+00
2.255676123659444e-01	1.274414e+00	4.723327e+00	4.973475e+00
2.258466302230872e-01	1.291063e+00	4.723327e+00	4.973475e+00
2.261256480802301e-01	1.306813e+00	4.723327e+00	4.973475e+00
2.264046659373729e-01	1.321663e+00	4.723327e+00	4.973475e+00
2.266836837945158e-01	1.335614e+00	4.723327e+00	4.973475e+00
2.269627016516586e-01	1.348665e+00	4.723327e+00	4.973475e+00
2.272417195088015e-01	1.360818e+00	4.723327e+00	4.973475e+00
2.275207373659444e-01	1.372070e+00	4.723327e+00	4.973475e+00
2.278346324552301e-01	1.389886e+00	4.723327e+00	4.973475e+00
2.281485275445158e-01	1.407110e+00	4.723327e+00	4.973475e+00
2.284624226338015e-01	1.423744e+00	4.723327e+00	4.973475e+00
2.287763177230872e-01	1.439788e+00	4.723327e+00	4.973475e+00
2.290902128123729e-01	1.455241e+00	4.723327e+00	4.973475e+00
2.294041079016586e-01	1.470103e+00	4.723327e+00	4.973475e+00
2.297180029909444e-01	1.484375e+00	4.723327e+00	4.973475e+00
2.299970208480872e-01	1.499412e+00	4.723327e+00	4.973475e+00
2.302760387052301e-01	1.514087e+00	4.723327e+00	4.973475e+00
2.305550565623729e-01	1.528400e+00	4.723327e+00	4.973475e+00
2.308340744195158e-01	1.542351e+00	4.723327e+00	4.973475e+00
2.311130922766586e-01	1.555940e+00	4.723327e+00	4.973475e+00
2.313921101338015e-01	1.569167e+00	4.723327e+00	4.973475e+00
2.316711279909444e-01	1.582031e+00	4.723327e+00	4.973475e+00
2.319501458480872e-01	1.597068e+00	4.723327e+00	4.973475e+00
2.322291637052301e-01	1.611744e+00	4.723327e+00	4.973475e+00
2.325081815623729e-01	1.626057e+00	4.723327e+00	4.973475e+00
2.327871994195158e-01	1.640007e+00	4.723327e+00	4.973475e+00
2.330662172766586e-01	1.653596e+00	4.723327e+00	4.973475e+00
2.333452351338015e-01	1.666823e+00	4.723327e+00	4.973475e+00
2.336242529909444e-01	1.679688e+00	4.723327e+00	4.973475e+00
2.339032708480872e-01	1.694725e+00	4.723327e+00	4.973475e+00
2.341822887052301e-01	1.709400e+00	4.723327e+00	4.973475e+00
2.344613065623729e-01	1.723713e+00	4.723327e+00	4.973475e+00
2.347403244195158e-01	1.737664e+00	4.723327e+00	4.973475e+00
2.350193422766586e-01	1.751252e+00	4.723327e+00	4.973475e+00
2.352983601338015e-01	1.764479e+00	4.723327e+00	4.973475e+00
2.355773779909444e-01	1.777344e+00	4.723327e+00	4.973475e+00
2.359610275445158e-01	1.796875e+00	4.723327e+00	4.973475e+00
2.363446770980872e-01	1.816406e+00	4.723327e+00	4.973475e+00
2.367283266516586e-01	1.835937e+00	4.723327e+00	4.973475e+00
2.371119762052301e-01	1.855469e+00	4.723327e+00	4.973475e+00
2.374956257588015e-01	1.875000e+00	4.723327e+00	4.973475e+00
2.378792753123729e-01	1.894531e+00	4.723327e+00	4.973475e+00
2.382629248659444e-01	1.914062e+00	4.723327e+00	4.973475e+00
2.389255922766586e-01	1.946842e+00	4.723327e+00	4.973475e+00
2.395882596873729e-01	1.979623e+00	4.723327e+00	4.973475e+00
2.402509270980872e-01	2.012406e+00	4.723327e+00	4.973475e+00
2.409135945088015e-01	2.045190e+00	4.723327e+00	4.973475e+00
2.415762619195158e-01	2.077977e+00	4.723327e+00	4.973475e+00
2.422389293302301e-01	2.110765e+00	4.723327e+00	4.973475e+00
2.429015967409444e-01	2.143555e+00	4.723327e+00	4.973475e+00
2.434945096873729e-01	2.174414e+00	4.723327e+00	4.973475e+00
2.440874226338015e-01	2.204753e+00	4.723327e+00	4.973475e+00
2.446803355802301e-01	2.234570e+00	4.723327e+00	4.973475e+00
2.452732485266586e-01	2.263867e+00	4.723327e+00	4.973475e+00
2.458661614730872e-01	2.292643e+00	4.723327e+00	4.973475e+00
2.464590744195158e-01	2.320899e+00	4.723327e+00	4.973475e+00
2.470519873659444e-01	2.348633e+00	4.723327e+00	4.973475e+00
2.473266455690694e-01	2.363281e+00	4.723335e+00	4.973476e+00
2.474606964151692e-01	2.363281e+00	4.723327e+00	4.973475e+00
2.474609348337483e-01	2.372751e+00	4.723327e+00	4.973475e+00
2.474609422843289e-01	2.382517e+00	4.723327e+00	4.973475e+00
2.474609425171596e-01	2.382812e+00	4.723327e+00	4.973475e+00
2.474609429828208e-01	2.382812e+00	4.723327e+00	4.973475e+00
2.474609440779097e-01	2.382812e+00	4.723327e+00	4.973475e+00
2.474609445692085e-01	2.382812e+00	4.723327e+00	4.973475e+00
2.474609448967411e-01	2.382812e+00	4.689083e+00	4.973475e+00
2.474609452242736e-01	2.382812e+00	4.540690e+00	4.973475e+00
2.474609458793388e-01	2.382812e+00	4.038438e+00	4.973475e+00
2.474609468793388e-01	2.382812e+00	3.202016e+00	4.973475e+00
2.474609478793388e-01	2.382812e+00	2.365593e+00	4.973475e+00
2.474609488793388e-01	2.382812e+00	1.529171e+00	4.973475e+00
2.474609498793388e-01	2.382812e+00	7.534369e-01	4.973475e+00
2.474609508793388e-01	2.382812e+00	2.712150e-01	4.973475e+00
2.474609528793388e-01	2.382812e+00	1.225744e-02	4.973475e+00
2.474609568793388e-01	2.382812e+00	-3.655977e-03	4.973475e+00
2.474609648793387e-01	2.382812e+00	1.422601e-03	4.973475e+00
2.474609808793387e-01	2.382812e+00	-6.282118e-04	4.973475e+00
2.474610128793387e-01	2.382812e+00	2.952479e-04	4.973475e+00
2.474610768793387e-01	2.382812e+00	-1.431319e-04	4.973475e+00
2.474612048793387e-01	2.382812e+00	7.046759e-05	4.973475e+00
2.474614608793387e-01	2.382812e+00	-3.496309e-05	4.973475e+00
2.474619728793387e-01	2.382812e+00	1.741387e-05	4.973475e+00
2.474629968793387e-01	2.382812e+00	-8.691102e-06	4.973475e+00
2.474650448793387e-01	2.382812e+00	4.340584e-06	4.973475e+00
2.477460495043387e-01	2.391490e+00	2.230840e-06	4.973475e+00
2.480270541293387e-01	2.401692e+00	6.176931e-07	4.973475e+00
2.483080587543387e-01	2.413420e+00	-4.988552e-07	4.973475e+00
2.485890633793388e-01	2.426673e+00	-1.118806e-06	4.973475e+00
2.488700680043388e-01	2.441452e+00	-1.242158e-06	4.973475e+00
2.491510726293387e-01	2.457756e+00	-8.689123e-07	4.973475e+00
2.494320772543387e-01	2.475586e+00	9.313226e-10	4.973475e+00
2.496762178793387e-01	2.480469e+00	-1.398017e-02	4.973475e+00
2.497067354574637e-01	2.480469e+00	-1.048514e-02	4.973475e+00
2.497677706137137e-01	2.483724e+00	-1.350031e-12	4.973475e+00
2.499083404261282e-01	2.500000e+00	0.000000e+00	4.973475e+00
2.499093439198908e-01	2.500000e+00	0.000000e+00	4.973475e+00
2.499103478338769e-01	2.500000e+00	0.000000e+00	4.973475e+00
2.499113525883101e-01	2.500000e+00	0.000000e+00	4.973475e+00
2.499123560820727e-01	2.500000e+00	0.000000e+00	4.973475e+00
2.499133599960588e-01	2.500000e+00	0.000000e+00	4.973475e+00
2.499143647504920e-01	2.500000e+00	0.000000e+00	4.973475e+00
2.499153682442546e-01	2.500000e+00	0.000000e+00	4.973475e+00
2.499163721582407e-01	2.500000e+00	0.000000e+00	4.973475e+00
2.499173769126739e-01	2.500000e+00	0.000000e+00	4.973475e+00
2.499183804064365e-01	2.500000e+00	0.000000e+00	4.973475e+00
2.499193843204226e-01	2.500000e+00	0.000000e+00	4.973475e+00
2.499203890748558e-01	2.500000e+00	0.000000e+00	4.973475e+00
2.499213925686184e-01	2.500000e+00	0.000000e+00	4.973475e+00
2.499223964826045e-01	2.500000e+00	0.000000e+00	4.973475e+00
2.499234012370377e-01	2.500000e+00	0.000000e+00	4.973475e+00
2.499244047308003e-01	2.500000e+00	0.000000e+00	4.973475e+00
2.499254086447864e-01	2.500000e+00	0.000000e+00	4.973475e+00
2.499264133992196e-01	2.500000e+00	0.000000e+00	4.973475e+00
2.499274168929822e-01	2.500000e+00	0.000000e+00	4.973475e+00
2.499284208069683e-01	2.500000e+00	0.000000e+00	4.973475e+00
2.499294255614015e-01	2.500000e+00	0.000000e+00	4.973475e+00
2.499304290551641e-01	2.500000e+00	0.000000e+00	4.973475e+00
2.499314329691502e-01	2.500000e+00	0.000000e+00	4.973475e+00
2.499324377235834e-01	2.500000e+00	0.000000e+00	4.973475e+00
2.499334412173460e-01	2.500000e+00	0.000000e+00	4.973475e+00
2.499344451313321e-01	2.500000e+00	0.000000e+00	4.973475e+00
2.499354498857653e-01	2.500000e+00	0.000000e+00	4.973475e+00
2.499364533795279e-01	2.500000e+00	0.000000e+00	4.973475e+00
2.499374572935140e-01	2.500000e+00	0.000000e+00	4.973475e+00
2.499384620479472e-01	2.500000e+00	0.000000e+00	4.973475e+00
2.499394655417098e-01	2.500000e+00	0.000000e+00	4.973475e+00
2.499404694556960e-01	2.500000e+00	0.000000e+00	4.973475e+00
2.499414742101291e-01	2.500000e+00	0.000000e+00	4.973475e+00
2.499424777038917e-01	2.500000e+00	0.000000e+00	4.973475e+00
2.499434816178779e-01	2.500000e+00	0.000000e+00	4.973475e+00
2.499444863723110e-01	2.500000e+00	0.000000e+00	4.973475e+00
2.499454898660736e-01	2.500000e+00	0.000000e+00	4.973475e+00
2.499464937800598e-01	2.500000e+00	0.000000e+00	4.973475e+00
2.499474985344929e-01	2.500000e+00	0.000000e+00	4.973475e+00
2.499485020282555e-01	2.500000e+00	0.000000e+00	4.973475e+00
2.499495059422417e-01	2.500000e+00	0.000000e+00	4.973475e+00
2.499505106966748e-01	2.500000e+00	0.000000e+00	4.973475e+00
2.499515141904374e-01	2.500000e+00	0.000000e+00	4.973475e+00
2.499525181044236e-01	2.500000e+00	0.000000e+00	4.973475e+00
2.499535228588567e-01	2.500000e+00	0.000000e+00	4.973475e+00
2.499545263526193e-01	2.500000e+00	0.000000e+00	4.973475e+00
2.499555302666055e-01	2.500000e+00	0.000000e+00	4.973475e+00
2.499565350210386e-01	2.500000e+00	0.000000e+00	4.973475e+00
2.499575385148012e-01	2.500000e+00	0.000000e+00	4.973475e+00
2.499585424287874e-01	2.500000e+00	0.000000e+00	4.973475e+00
2.499595471832205e-01	2.500000e+00	0.000000e+00	4.973475e+00
2.499605506769831e-01	2.500000e+00	0.000000e+00	4.973475e+00
2.499615545909693e-01	2.500000e+00	0.000000e+00	4.973475e+00
2.499625593454024e-01	2.500000e+00	0.000000e+00	4.973475e+00
2.499635628391650e-01	2.500000e+00	0.000000e+00	4.973475e+00
2.499645667531512e-01	2.500000e+00	0.000000e+00	4.973475e+00
2.499655715075843e-01	2.500000e+00	0.000000e+00	4.973475e+00
2.499665750013469e-01	2.500000e+00	0.000000e+00	4.973475e+00
2.499675789153331e-01	2.500000e+00	0.000000e+00	4.973475e+00
2.499685836697662e-01	2.500000e+00	0.000000e+00	4.973475e+00
2.499695871635289e-01	2.500000e+00	0.000000e+00	4.973475e+00
2.499705910775150e-01	2.500000e+00	0.000000e+00	4.973475e+00
2.499715958319481e-01	2.500000e+00	0.000000e+00	4.973475e+00
2.499725993257108e-01	2.500000e+00	0.000000e+00	4.973475e+00
2.499736032396969e-01	2.500000e+00	0.000000e+00	4.973475e+00
2.499746079941300e-01	2.500000e+00	0.000000e+00	4.973475e+00
2.499756114878927e-01	2.500000e+00	0.000000e+00	4.973475e+00
2.499766154018788e-01	2.500000e+00	0.000000e+00	4.973475e+00
2.499776201563119e-01	2.500000e+00	0.000000e+00	4.973475e+00
2.499786236500746e-01	2.500000e+00	0.000000e+00	4.973475e+00
2.499796275640607e-01	2.500000e+00	0.000000e+00	4.973475e+00
2.499806323184939e-01	2.500000e+00	0.000000e+00	4.973475e+00
2.499816358122565e-01	2.500000e+00	0.000000e+00	4.973475e+00
2.499826397262426e-01	2.500000e+00	0.000000e+00	4.973475e+00
2.499836444806758e-01	2.500000e+00	0.000000e+00	4.973475e+00
2.499846479744384e-01	2.500000e+00	0.000000e+00	4.973475e+00
2.499856518884245e-01	2.500000e+00	0.000000e+00	4.973475e+00
2.499866566428577e-01	2.500000e+00	0.000000e+00	4.973475e+00
2.499876601366203e-01	2.500000e+00	0.000000e+00	4.973475e+00
2.499886640506064e-01	2.500000e+00	0.000000e+00	4.973475e+00
2.499896688050396e-01	2.500000e+00	0.000000e+00	4.973475e+00
2.499906722988022e-01	2.500000e+00	0.000000e+00	4.973475e+00
2.499916762127883e-01	2.500000e+00	0.000000e+00	4.973475e+00
2.499926809672215e-01	2.500000e+00	0.000000e+00	4.973475e+00
2.499936844609841e-01	2.500000e+00	0.000000e+00	4.973475e+00
2.499946883749702e-01	2.500000e+00	0.000000e+00	4.973475e+00
2.499956931294034e-01	2.500000e+00	0.000000e+00	4.973475e+00
2.499966966231660e-01	2.500000e+00	0.000000e+00	4.973475e+00
2.499977005371521e-01	2.500000e+00	0.000000e+00	4.973475e+00
2.499987052915853e-01	2.500000e+00	0.000000e+00	4.973475e+00
2.499997087853479e-01	2.500000e+00	0.000000e+00	4.973475e+00
2.499999966384582e-01	2.500000e+00	0.000000e+00	4.973475e+00
2.500000000000000e-01	2.500000e+00	0.000000e+00	4.973475e+00
